16
30
6
22
12
26
3
22
25
23
21
27
24
2
25
6
27
22
14
27
8
22
18
27
11
14
23
18
10
28
6
0
9
8
25
17
27
13
27
25
18
27
27
22
29
19
30
4
15
13
30
25
6
12
20
5
24
14
14
19
27
10
11
22
27
0
14
18
5
10
7
4
2
22
30
15
22
25
25
14
27
3
11
18
23
27
19
29
3
30
22
10
19
22
24
18
11
29
19
19
12
27
11
9
13
23
30
12
30
29
6
15
11
14
25
8
14
12
29
8
30
17
27
26
6
28
12
9
27
19
16
21
23
30
18
19
22
30
5
10
6
30
1
22
30
14
24
7
25
29
30
15
29
24
21
22
30
18
30
10
14
22
18
10
20
23
29
22
27
20
17
14
18
22
29
19
15
13
16
9
6
22
5
24
20
9
0
18
22
5
16
19
22
26
20
10
19
2
27
9
5
21
18
22
25
26
14
22
17
19
0
30
18
25
20
26
27
0
6
10
25
0
17
11
23
14
24
27
9
28
25
27
26
2
10
30
18
16
24
14
5
10
10
15
3
16
17
5
26
26
0
14
21
30
21
3
5
12
6
2
10
12
30
27
2
7
11
30
2
27
22
14
16
3
27
25
14
24
16
18
2
5
12
20
15
9
28
27
22
0
0
20
25
28
12
28
3
20
27
14
8
13
10
11
26
30
14
29
30
19
29
19
10
19
13
17
4
10
9
28
11
29
28
29
8
29
22
28
21
0
0
5
27
5
14
22
29
2
15
2
28
3
29
11
3
24
24
0
15
5
27
17
19
9
19
19
5
3
2
3
22
12
13
22
27
19
9
10
12
14
24
16
30
18
5
11
27
25
1
18
29
10
16
22
29
11
8
3
2
19
8
1
30
20
29
25
20
30
11
11
10
19
10
10
11
14
22
20
27
12
15
3
14
27
18
19
16
24
9
14
20
18
24
30
10
12
21
20
18
23
25
24
18
27
6
23
9
2
24
5
9
26
12
21
19
20
22
14
28
25
12
9
23
26
0
29
15
21
27
4
4
2
5
15
11
2
22
8
10
14
0
8
26
27
14
16
27
2
10
6
15
30
21
0
15
16
11
11
23
18
10
22
28
21
30
24
22
0
2
28
15
6
6
27
10
21
20
22
10
9
12
23
5
0
30
30
6
22
3
27
18
24
8
30
8
16
24
11
13
30
20
30
14
19
18
19
25
28
29
16
22
30
25
20
26
10
7
17
0
5
15
30
29
13
19
16
25
19
5
17
22
21
8
30
19
13
30
14
19
18
18
27
2
20
4
30
27
5
16
0
21
15
19
10
24
22
12
27
29
27
26
15
30
19
24
10
10
24
30
24
10
4
13
28
13
5
29
0
27
3
25
1
2
21
30
12
13
3
3
10
